81,35
33,87
33,6
33,5
33,3
14,6
3,2
3,1
3,3
10,279
10,91
10,245
10,71
10,33
10,173
10,1
10,75
10,2
10,3
11,11
11,22
11,19
11,26
11,6
8,14
8,16
8,17
20,2
20,1
20,3
19,2
19,1
34,153
34,152
34,151
34,150
34,149
34,148
34,147
34,146
34,145
34,144
19,3
34,143
34,142
34,141
34,140
34,139
34,138
34,137
34,136
34,135
34,134
34,133
34,132
34,131
34,130
34,129
34,128
34,93
34,92
34,90
34,83
34,82
34,81
34,80
34,79
34,78
34,77
34,76
34,75
34,74
34,73
34,72
34,71
34,70
34,69
34,68
34,37
34,35
34,27
34,13
34,1
33,342
33,341
33,340
33,339
33,338
33,337
33,336
33,335
33,334
33,333
33,332
33,331
33,330
33,329
33,328
33,327
33,1
33,326
33,325
33,324
33,323
33,322
33,321
33,320
33,319
33,318
33,317
33,316
33,315
33,314
33,313
33,312
33,311
33,310
33,309
33,308
33,307
33,306
33,305
33,304
33,303
33,302
33,301
33,300
33,299
33,298
33,297
33,296
33,295
33,294
33,293
33,292
33,291
33,290
18,1
33,289
33,288
33,287
18,3
33,286
12,3
14,1
12,2
14,4
12,1
11,27
14,3
11,20
13,1
11,18
11,14
13,3
11,1
11,13
11,3
11,2
9,7
9,5
9,3
